-64 40.4 -64 40.4 
-61.6232 -57.5535 30.5747 46.7 
-50.7439 -55.5692 36.7164 53.9 
-45.7993 -45.8146 36.3043 61.1 
-36.7412 69.2 38.3865 -37.899 
35 46.7 -58.6 -58.6 
0 0 0 0 
0 0 0 0 
0 0 0 0 
39.8928 78.2 -28.2285 -30.139 
40.4 40.4 -52.3 53.9 
-45.1 -45.1 46.7 61.1 
-37.9 69.2 53.9 -37.9 
0 0 0 0 
67.9273 88.1 -20.5453 -20.7436 
46.7 15.3044 -55.9133 -52.0229 
0 0 0 0 
61.1 61.1 -29.8 78.2 
-20.8 -20.8 69.2 88.1 
78.2 100 78.2 -10.9 
31.1117 -27.1 -51.2703 5.69463 
-34.111 -36.541 -0.771232 51.4925 
69.2 -34.4522 26.2436 -34.4153 
0 0 0 0 
0 0 0 0 
